Quadrilateral Vertex Index, Triangle Face Index, Barycentric Coordinates (u v w)
0, 25, 0.038473187283947996 0.7292446863444222 0.23228212637162982
1, 26, 0.7758207177860175 0.15161674737917974 0.07256253483480281
2, 9, 0.4676983287762835 0.18062915911211552 0.351672512111601
3, 50, 1.8191602299003073e-05 0.894618276215459 0.10536353218224202
4, 51, 0.5906041334492875 0.16748029125718356 0.24191557529352897
5, 36, 4.33508874383981e-06 0.8104365816921598 0.18955908321909634
6, 73, 0.35063106900790575 0.46916488032209547 0.18020405066999876
7, 74, 0.1956632233321426 0.16154491708915808 0.6427918595786993
8, 43, 0.4290985856192586 0.3570441235087785 0.21385729087196292
9, 63, 0.49140399785637356 0.1023081480979172 0.4062878540457092
10, 93, 0.11649986257872813 0.5011971300463754 0.3823030073748964
11, 138, 0.021418994832004323 0.8201730711221042 0.15840793404589143
12, 94, 0.0363208751950756 0.6453513211149084 0.31832780369001595
13, 86, 0.8510956604243722 0.12292105878778906 0.02598328078783877
14, 131, 0.36456798539067614 0.30298874483088156 0.3324432697784423
15, 103, 0.8081755147843996 0.14306978565456435 0.04875469956103591
16, 152, 0.46337171282498213 0.5142958763182672 0.02233241085675065
17, 170, 0.24102260273460013 0.39512829558409246 0.3638491016813074
18, 171, 0.06253705443371249 0.3855628338526566 0.5519001117136308
19, 178, 0.09782569066035873 0.6272801225572239 0.2748941867824174
20, 174, 0.26129096568650434 0.029780837260694 0.7089281970528016
21, 168, 0.22097778590244752 0.5724896419817534 0.20653257211579903
22, 116, 0.3281210405318371 0.15047549893266232 0.5214034605355006
23, 128, 0.07677862958371412 0.7954166355257293 0.1278047348905566
24, 84, 0.035863750607642575 0.381797880253982 0.5823383691383754
25, 85, 0.20644107835906916 0.632668401783677 0.16089051985725383
26, 72, 0.49056764924666785 0.1472450167527831 0.36218733400054903
27, 117, 0.10146370360148943 0.57875413426289 0.31978216213562055
28, 103, 0.1256901790251061 0.6030593067235769 0.271250514251317
29, 86, 0.27702105025594403 0.006175538018996743 0.7168034117250592
30, 138, 0.6803747439638569 0.18942095409253334 0.13020430194360974
31, 160, 0.5724323298186876 0.2223994527716677 0.2051682174096446
32, 126, 0.11750646321645253 0.09476797184620817 0.7877255649373393
33, 144, 0.046311584074509526 0.7897876441602195 0.16390077176527096
34, 102, 0.26246205471224426 0.5574353392460943 0.1801026060416614
35, 160, 0.08654727645032223 0.29612424637223844 0.6173284771774393
36, 149, 0.1596503206929662 0.6804905332023157 0.15985914610471813
37, 112, 0.280648598714069 0.28971626288617897 0.4296351383997521
38, 101, 0.8340091015260965 0.049207776709367324 0.11678312176453616
39, 100, 0.06453329505007756 0.8696660823571942 0.06580062259272822
40, 169, 0.25522105366436293 0.4706137752248307 0.27416517111080635
41, 172, 0.0651637945321637 0.21083894259598604 0.7239972628718503
42, 150, 0.14750273093098704 0.44790145318299934 0.4045958158860136
43, 159, 0.013772137274594143 0.00859709283507566 0.9776307698903302
44, 159, 0.25847804249365797 0.5612002117365819 0.18032174576976018
45, 135, 0.003766936829621703 0.9024086950327279 0.09382436813765038
46, 32, 0.13501714851642133 0.1124204001369213 0.7525624513466573
47, 74, 0.09972629773639373 0.837632864373162 0.06264083789044429
48, 18, 8.709713099297467e-06 0.7193118752516806 0.2806794150352201
49, 105, 3.5286971173942305e-06 0.44681994909509165 0.5531765222077909
50, 90, 8.540502183129739e-06 0.3843789652862981 0.6156124942115188
51, 87, 0.316609748908 0.5451158362775452 0.13827441481445477
52, 2, 7.2500112460183175e-06 0.08095401263690341 0.9190387373518506
53, 19, 0.5184184137074268 0.48157565343469577 5.932857877455195e-06
54, 3, 7.143967525768957e-06 0.7247846105816735 0.2752082454508007
55, 19, 0.04717684065048422 0.15564652634810028 0.7971766330014155
56, 154, 0.532339432126754 0.13845098313189194 0.329209584741354
57, 162, 0.1160522168111886 0.28816513963117024 0.5957826435576412
58, 154, 0.013524990202185061 0.8923862073524071 0.0940888024454078
59, 52, 0.0578307421292695 0.8169049441275156 0.12526431374321492
60, 37, 0.9815114957057751 0.01366001228324416 0.004828492010980677
61, 79, 0.5114852024659955 0.312168021276693 0.17634677625731146
62, 163, 0.2892161154405366 0.5606932696766389 0.15009061488282446
63, 118, 0.707219669788084 0.06359103543899554 0.22918929477292038
64, 156, 0.5687115931064356 0.12889533891401825 0.3023930679795461
65, 144, 0.2734274300447763 0.03141465240261591 0.6951579175526078
66, 113, 0.9196038537346658 0.06842433547395685 0.011971810791377366
67, 127, 0.16695045757331423 0.5920403396286215 0.24100920279806431
68, 82, 0.39841725744920625 0.2164143323706368 0.38516841018015696
69, 119, 0.49250892435721594 0.3777691028643786 0.12972197277840544
70, 88, 0.26117297324522115 0.18790379371209176 0.5509232330426871
71, 89, 0.1981018721555392 0.14233973345585335 0.6595583943886074
72, 133, 0.020480295271602222 0.05181133148321943 0.9277083732451783
73, 76, 0.411447263537661 0.1471221276800621 0.44143060878227697
74, 75, 0.34116394280767376 0.4024529085707469 0.25638314862157935
75, 13, 0.2952910555179773 0.15003756555293787 0.5546713789290848
76, 6, 3.9446587550702996 2.972487397638012 -5.917146152708312
77, 12, 0.48709630353941735 0.0036036569693696603 0.5093000394912129
78, 149, 0.35107999858173206 0.2328942943037988 0.4160257071144691
79, 137, 0.6818215314370376 0.07575642620958557 0.2424220423533768
80, 167, 0.48396389235382536 0.10711638179109455 0.40891972585508013
81, 172, 0.8047786679032796 0.02049403207926523 0.17472730001745512
82, 161, 0.8461184219076938 0.09270318220229462 0.06117839589001161
83, 48, 8.762062989728513 -9.102912719662944 1.3408497299344322
84, 47, 10.175825774872141 -9.616732545225693 0.4409067703535516
85, 95, 0.18639478691330436 0.45207651886653955 0.3615286942201561
86, 178, 0.17538363174213956 0.03405970513175336 0.7905566631261071
87, 68, 0.07932009692612457 0.5216967822190324 0.39898312085484305
88, 113, 0.10218864148992704 0.7398366887250154 0.15797466978505756
89, 50, 8.872580759211601e-06 0.010212902720937464 0.9897782246983033
90, 49, 8.27612085885221e-06 0.008995737693291489 0.9909959861858496
91, 97, 0.08078142413159167 0.5577091639967581 0.36150941187165025
92, 53, 0.10766707226983674 0.6867881933343233 0.20554473439583998
93, 67, 0.25208854405498454 0.5089264734266815 0.23898498251833394
94, 57, 1.6511566766075347e-06 0.24321456419551685 0.7567837846478066
95, 107, 0.03367687059720181 0.6861230153150609 0.28020011408773726
96, 58, 12.645513095161705 -9.910860672308628 -1.7346524228530773
97, 46, 11.574495562539832 -9.90858985792317 -0.6659057046166624
98, 5, 4.548097544992357 2.3611115176309476 -5.909209062623305
99, 4, 3.432831984017653 2.6032926803962497 -5.036124664413903
100, 29, 0.03227005006458816 0.5161996722814328 0.451530277653979
101, 128, 0.595096268959266 0.03861613509611392 0.36628759594462007
102, 179, 0.21711400891289234 0.6948452467166577 0.08804074437044997
103, 175, 0.18561023046512087 0.35791697787013793 0.45647279166474125
104, 70, 0.34841150505028795 0.3360203903342205 0.31556810461549156
105, 130, 0.3580952081741614 0.42691944549493804 0.21498534633090047
106, 106, 0.8235006064534074 0.051703430584078086 0.12479596296251444
107, 107, 0.6889714612676409 0.030743301299958274 0.28028523743240086
108, 151, 0.38719737552681055 0.3202135920505469 0.29258903242264256
109, 140, 0.08880459774127708 0.49123772562608153 0.41995767663264133
110, 27, 0.3718910425409237 0.6033234239884161 0.0247855334706602
111, 28, 0.7344103575832603 0.12440597957538364 0.14118366284135592
112, 17, 0.2231517481196812 0.637153790429255 0.1396944614510638
113, 143, 0.46679641681807427 0.21828262219236516 0.31492096098956057
114, 96, 0.05413931825525442 0.6650938585334291 0.2807668232113165
115, 110, 0.6117103571319138 0.30615882761021684 0.08213081525786942
116, 157, 0.31615306648741437 0.573517058358193 0.11032987515439265
117, 41, 0.6156088056504672 0.20198852414004811 0.1824026702094847
118, 34, 10.869891240898784 -1.4193364051981847 -8.450554835700599
119, 34, 0.7959435511254692 0.0715148284935577 0.13254162038097303
120, 56, 2.0883855269659968e-05 0.2074497652841537 0.7925293508605766
121, 98, 0.5051314491467552 0.37160844930800796 0.12326010154523685
122, 111, 0.5339749296263852 0.42859604034991833 0.03742903002369652
123, 64, 0.6383653270530785 0.17753199480896498 0.18410267813795655
124, 42, 0.16688957379539737 0.24128884000232514 0.5918215862022774
125, 148, 0.30403825559780057 0.22761867422177604 0.46834307018042337
126, 132, 0.2301853639325101 0.23828460270450724 0.5315300333629827
127, 147, 0.16309480755483652 0.03595775371707693 0.8009474387280866
128, 146, 0.008878636757069236 0.038353724796873837 0.9527676384460569
129, 23, 0.27758628988525347 0.4840913833552439 0.23832232675950268
130, 15, 0.17405866531838288 -0.6275498663089786 1.4534912009905956
131, 65, 0.018906496595514133 0.062772621401841 0.9183208820026448
132, 0, 0.0 0.3642048221637516 0.6357951778362484
133, 24, 0.09022449992724008 0.8188093163000932 0.09096618377266669
134, 166, 0.7120540633747336 0.2757012907515581 0.012244645873708245
135, 177, 0.11986001501919552 0.3617321311329123 0.5184078538478922
136, 39, 0.1378311105514699 0.606581327598207 0.25558756185032305
137, 10, 0.05765023911242784 0.30310738947547816 0.6392423714120941
138, 123, 0.6496565351365995 0.13444503174514408 0.21589843311825638
139, 5, 2.795947914076963 3.0429697698967195 -4.8389176839736825
140, 31, 0.62441226881686 0.12027984930026371 0.25530788188287634
141, 109, 0.4863947948696344 0.16019698647210223 0.3534082186582634
142, 27, 0.15060563404145633 0.200447327167342 0.6489470387912016
143, 66, 0.09404414101243297 0.08152117537919533 0.8244346836083717
144, 108, 0.006005530767811407 0.6325593312011095 0.3614351380310791
145, 165, 0.18581418545646788 0.3156800534972142 0.49850576104631794
146, 129, 0.1828635205337682 0.16795246637818181 0.64918401308805
147, 77, 5.840193116585235e-06 0.8318620024260902 0.1681321573807932
148, 176, 0.17640039418236786 0.636659386069288 0.18694021974834418
149, 64, 0.2789205186539164 0.0428823524938398 0.6781971288522438
150, 121, 12.605305824517714 -2.617464175363258 -8.987841649154456
151, 104, 0.6526664569402092 0.34732464617033376 8.896889457013694e-06
152, 91, 14.177704606191359 -9.228149589108288 -3.9495550170830716
153, 141, 0.32399508756426754 0.4042827341714374 0.271722178264295
154, 14, 6.622415915369384e-06 0.5028421155194005 0.49715126206468413
155, 45, 0.6362980771567133 0.15970822583836702 0.20399369700491965
156, 27, 0.826612348007945 0.051629581552659475 0.12175807043939542
157, 69, 0.31839793526362553 0.37398834771268763 0.30761371702368684
158, 83, 0.4189045048476537 0.11117300717625345 0.4699224879760929
159, 1, 6.700608649490292e-06 0.23793253959843808 0.7620607597929124
160, 145, 0.4991144901863615 0.07384769184815786 0.4270378179654806
161, 21, 3.4016475471909295 -5.175578067171207 2.7739305199802775
162, 77, 12.87426478580159 -3.5479603298208136 -8.326304455980775
163, 33, 6.474448089877072e-07 0.5891841493851646 0.4108152031700264
164, 2, 5.345769545236911e-06 0.9364501347795918 0.06354451945086294
165, 20, 4.553067411573901 -6.088853031701944 2.5357856201280424
